(0)[0.5]
(0)[1.5]
(0)[2.5]
(1)[3.5]
(1)[4.5]
(1)[5.5]
(2)[6.5]
(2)[7.5]
(2)[8.5]
(3)[9.5]
(3)[10.5]
(3)[11.5]
(4)[12.5]
(4)[13.5]
(4)[14.5]
(5)[15.5]
(5)[16.5]
(5)[17.5]
(6)[18.5]
(6)[19.5]
(6)[20.5]
(7)[21.5]
(7)[22.5]
(7)[23.5]
(8)[24.5]
(8)[25.5]
(8)[26.5]
(9)[27.5]
(9)[28.5]
(9)[29.5]
(10)[30.5]
(10)[31.5]
(10)[32.5]
(11)[33.5]
(11)[34.5]
(11)[35.5]
(12)[36.5]
(12)[37.5]
(12)[38.5]
(13)[39.5]
(13)[40.5]
(13)[41.5]
(14)[42.5]
(14)[43.5]
(14)[44.5]
(15)[45.5]
(15)[46.5]
(15)[47.5]
(16)[48.5]
(16)[49.5]
